100 100 1 1
50 0 50 100 50
640 480 1 1
0 0 640 480 100
100 100 4 3
98 96 98 67 2
13 7 13 79 21
35 94 99 94 7
28 9 42 9 11
445 244 9 16
311 66 24 80 8
102 203 296 47 27
82 61 178 22 45
289 181 70 195 47
317 138 420 68 4
124 239 182 133 27
381 6 182 214 43
117 211 204 115 51
226 180 18 108 80
100 100 2 2
17 8 88 8 60
4 85 55 85 55
100 100 2 1
9 93 2 90 81
80 1 94 7 75
100 100 1 6
5 29 9 32 65
100 100 1 6
5 29 9 32 66
100 100 2 10
1 1 77 77 6
1 1 77 77 6
100 100 2 3
1 1 77 77 90
1 1 77 77 90
640 480 100 1
145 274 34 277 28
278 70 428 349 61
129 222 626 477 79
296 266 429 375 45
480 136 594 246 77
278 248 598 469 72
244 409 319 116 33
602 436 191 203 71
559 197 9 233 60
341 8 475 388 64
73 413 614 196 85
533 7 269 279 51
83 110 29 266 33
33 92 595 267 54
532 128 151 29 11
121 97 543 34 60
536 379 254 31 73
172 308 593 345 78
362 442 314 275 4
496 150 142 463 45
540 82 329 334 74
454 229 543 377 87
256 312 463 414 39
104 163 635 177 18
398 122 442 262 36
180 89 496 357 61
539 413 141 63 50
84 77 193 36 26
405 225 635 139 86
71 309 268 419 93
357 386 416 329 68
82 474 331 473 41
241 291 43 247 93
122 438 160 399 73
611 99 31 213 79
594 199 42 29 53
59 316 238 343 95
610 4 422 358 61
398 112 28 434 23
46 288 323 256 43
431 409 102 300 65
215 251 6 75 70
142 287 526 359 15
387 163 88 46 60
441 414 250 171 51
66 139 555 277 44
102 304 250 218 51
576 252 231 118 35
592 24 615 471 80
246 281 334 434 88
105 387 574 432 74
267 280 282 453 60
630 258 401 280 53
241 349 205 109 41
495 353 541 445 46
510 288 494 198 16
475 260 71 378 84
219 131 137 313 38
35 75 89 245 35
507 26 540 475 12
5 263 222 232 42
194 58 290 91 31
140 463 24 208 73
200 186 57 342 58
279 374 15 348 7
354 388 475 332 20
123 442 427 204 28
19 272 64 365 53
536 53 419 275 61
246 199 43 372 34
523 53 306 327 76
84 372 111 364 15
198 170 424 154 30
543 11 129 177 56
164 8 337 24 46
126 300 39 149 21
167 177 203 409 74
57 199 596 165 28
28 401 82 134 65
143 479 169 417 33
201 214 342 466 2
185 430 220 50 78
290 369 608 173 47
272 37 28 332 77
131 302 577 277 75
73 418 586 256 53
201 422 175 204 21
356 343 230 5 73
472 321 22 171 28
463 378 526 43 74
185 129 370 38 73
374 263 608 273 15
433 250 637 206 31
571 138 195 19 25
47 123 503 326 77
131 414 99 228 71
149 65 22 103 50
170 129 485 324 8
104 269 590 54 34
566 255 472 108 52
640 480 100 1
410 344 375 390 38
350 30 31 32 88
318 246 286 278 95
25 90 267 441 11
575 320 264 426 19
287 382 521 5 42
222 192 209 324 90
189 435 104 313 89
566 289 289 395 7
380 412 444 262 65
284 433 58 113 85
186 304 399 335 77
474 159 70 422 83
302 382 493 322 51
475 374 233 78 12
284 102 126 132 2
223 25 131 84 37
43 110 258 243 65
17 363 54 199 19
134 418 219 469 66
333 104 55 0 80
87 234 56 301 21
134 479 75 408 58
244 12 320 156 78
322 205 531 336 20
261 139 491 167 49
431 350 599 402 52
58 287 370 24 40
131 170 387 89 99
274 417 15 193 19
619 451 185 299 7
4 163 406 297 12
18 206 179 232 18
172 5 276 368 90
294 277 429 292 30
442 91 409 177 79
551 192 552 107 70
273 26 117 298 22
598 199 12 460 49
598 223 69 141 97
546 399 531 178 61
627 164 60 67 99
521 221 375 254 54
249 150 198 472 12
200 194 414 446 42
408 104 349 88 80
315 218 533 174 6
273 148 80 270 59
240 365 202 98 5
365 107 612 423 70
520 395 457 312 95
287 372 358 367 7
189 359 480 438 10
113 210 311 427 100
193 106 449 478 32
283 169 457 42 26
484 235 250 238 74
485 476 247 71 53
620 472 128 132 8
45 158 512 104 35
229 2 446 88 18
421 388 613 3 34
622 134 639 134 41
404 346 179 468 65
635 299 3 387 12
221 98 141 53 4
300 110 306 462 45
146 334 640 244 56
230 452 603 355 22
186 317 97 25 76
450 60 180 56 11
120 45 12 256 28
538 231 100 473 41
73 36 142 399 14
29 208 393 183 73
487 460 354 92 97
415 427 27 101 64
19 361 613 334 96
593 173 72 58 85
168 236 129 423 53
332 302 376 19 2
272 155 593 110 73
593 340 611 302 23
373 28 424 43 88
194 180 28 33 93
343 173 240 13 50
79 424 622 146 93
105 237 513 213 30
191 429 310 250 69
513 93 8 251 33
337 153 292 462 65
366 210 39 171 29
262 404 156 225 94
563 415 346 473 98
72 155 471 469 75
73 209 116 229 75
123 479 612 110 89
15 161 160 415 88
16 104 615 343 81
453 461 363 442 52
640 480 100 1
229 34 97 10 34
473 470 524 38 24
363 456 502 435 4
375 463 577 179 60
540 154 611 30 25
24 87 5 178 79
235 89 514 378 79
446 280 355 280 19
275 96 85 90 48
622 12 19 446 82
450 329 145 156 60
75 392 304 378 83
192 110 530 307 10
355 256 538 136 94
231 339 533 263 68
125 102 337 94 24
246 17 498 276 37
567 272 635 288 2
8 71 51 426 57
207 53 235 52 9
207 285 426 450 65
292 50 361 415 8
510 459 163 430 76
291 196 436 58 31
497 374 461 128 94
503 354 387 144 99
239 70 448 173 44
383 266 637 429 16
400 248 399 57 99
573 468 453 186 13
81 47 611 199 36
339 128 384 77 96
170 0 561 431 57
548 207 425 139 46
498 446 399 426 89
321 23 120 476 99
389 75 288 195 48
146 39 611 469 28
394 315 440 256 60
267 69 392 220 67
302 305 498 276 80
186 327 282 413 6
298 137 342 155 77
1 11 466 278 89
32 258 424 238 57
301 465 230 125 59
542 373 214 401 47
304 39 19 53 88
269 26 326 265 23
500 466 184 314 65
528 172 50 263 59
129 127 409 382 21
4 129 461 151 85
359 44 8 43 55
178 465 613 11 73
368 467 57 401 52
499 203 60 287 82
607 105 147 239 44
516 467 567 344 38
91 201 86 91 93
440 473 139 42 5
346 65 369 165 52
57 316 400 479 71
288 298 353 456 83
334 466 389 137 68
510 194 485 318 99
217 136 320 394 40
515 400 332 92 2
133 283 474 10 73
396 462 58 275 11
460 393 129 106 26
257 47 491 430 97
153 153 531 342 44
319 31 287 364 28
414 314 174 415 65
477 46 49 147 28
82 203 205 460 15
199 260 488 465 97
608 129 370 325 79
65 464 47 344 85
103 303 139 190 63
46 214 628 297 87
530 229 542 384 95
507 341 140 262 40
389 307 565 359 61
79 143 184 413 20
611 245 241 162 20
280 454 416 323 47
34 333 533 351 30
410 155 198 46 25
56 403 498 38 97
403 438 547 386 69
298 241 124 18 29
510 91 263 304 49
614 395 279 177 11
205 5 599 433 7
625 106 141 137 17
141 66 489 131 2
149 84 621 308 18
271 37 113 410 50
620 162 7 3
173 36 64 147 33
416 61 44 160 35
553 69 276 85 50
22 19 406 132 98
416 5 202 83 59
361 142 6 93 86
103 123 93 158 52
147 224 12 15
61 173 28 217 65
142 220 28 34 36
92 105 107 223 1
3 83 32 25 75
145 117 119 209 93
94 140 30 136 98
144 128 27 55 96
6 22 131 152 67
74 16 31 55 85
46 161 4 24 95
145 154 129 128 31
23 35 92 62 62
123 266 5 3
18 90 115 189 52
96 180 14 194 40
19 211 54 79 6
1 9 20 1 14
106 9 103 253 70
167 174 3 7
82 72 51 139 95
21 2 81 109 7
126 0 144 52 2
52 210 21 3
28 91 7 204 54
35 79 47 97 60
19 41 38 3 31
38 108 21 186 99
34 202 2 109 47
43 31 19 20 40
12 5 43 49 64
2 110 3 85 26
22 187 19 154 100
49 1 0 181 98
10 154 40 15 38
33 59 35 95 24
48 137 2 53 26
47 56 29 68 27
52 150 29 179 61
9 16 42 140 66
2 111 27 199 80
29 5 32 204 52
32 101 11 21 48
2 10 32 152 40
17 208 30 167 41
297 401 6 5
15 313 161 216 25
215 8 100 314 87
63 57 272 185 66
258 296 3 330 90
294 286 92 14 95
139 21 9 182 99
42 364 10 1
21 10 31 8 10
16 228 26 234 59
28 34 40 241 64
38 254 13 33 30
38 74 15 9 93
40 344 2 266 97
35 247 9 115 4
33 46 42 56 9
35 132 35 212 73
16 357 0 274 51
464 442 5 1
360 189 202 371 43
103 430 75 123 29
292 385 236 362 63
402 63 254 426 49
92 312 296 44 3
485 256 1 11
236 9 99 171 10
199 63 3 11
165 2 87 45 26
45 31 65 1 86
61 48 78 58 46
36 340 3 8
30 66 19 212 97
21 111 35 308 75
35 112 6 177 82
487 342 5 7
166 295 204 19 28
196 29 14 183 78
56 128 471 236 68
115 93 10 218 56
349 24 112 262 68
416 277 8 16
174 124 368 143 100
32 4 152 196 78
110 73 362 186 20
146 214 353 60 49
115 68 312 266 4
107 227 341 225 84
297 49 102 224 16
63 275 327 120 91
136 42 4 7
68 18 99 23 12
19 33 73 20 19
134 24 77 38 76
61 36 57 40 35
618 18 15 8
29 17 206 11 21
19 13 531 6 88
43 10 44 13 1
296 2 470 5 29
371 14 262 8 26
329 6 588 12 41
414 16 61 2 96
482 14 58 11 50
163 9 264 13 64
253 13 476 1 70
362 7 92 12 89
152 2 218 6 65
260 16 282 1 59
558 5 155 2 80
44 16 40 1 51
157 82 11 2
76 49 136 4 93
0 21 17 38 72
143 7 52 9 71
28 16 89 2 27
50 62 60 59 9
145 1 40 42 69
152 58 113 16 29
113 82 107 43 1
65 30 120 37 28
143 15 1 48 60
72 41 156 68 76
36 51 4 6
24 6 14 38 45
21 26 36 3 38
16 47 11 23 68
5 7 7 47 6
438 476 10 14
347 239 34 338 21
14 162 150 439 32
352 248 133 464 99
337 74 313 2 12
76 115 407 157 23
232 115 433 7 95
322 467 33 408 47
78 20 168 454 44
127 116 221 132 91
249 347 44 146 33
263 459 6 18
65 80 51 237 43
263 253 186 33 35
195 421 163 73 64
223 125 133 59 27
42 175 254 354 76
26 411 4 425 24
175 425 3 8
68 129 86 62 72
45 197 134 411 52
95 104 23 411 18
149 172 4 1
40 19 147 161 65
112 44 145 4 28
74 82 120 59 7
33 162 77 71 42
525 157 2 17
382 51 519 39 8
332 57 460 0 76
210 360 3 2
181 309 120 112 23
133 244 60 151 29
83 328 208 277 47
354 171 5 6
211 59 245 75 48
346 47 88 91 25
235 171 332 75 92
110 17 57 116 60
320 140 146 10 41
390 22 10 10
308 12 9 4 83
167 0 256 8 33
276 16 191 17 42
390 12 332 7 100
163 3 89 0 80
114 19 204 12 91
75 15 338 16 6
89 10 141 12 77
191 22 101 8 72
367 8 165 3 49
122 346 22 9
118 72 79 100 88
49 49 105 261 73
106 82 75 153 46
19 302 46 130 45
16 201 70 308 70
88 232 39 192 21
102 260 61 265 68
62 137 75 39 35
99 152 39 207 99
116 279 5 263 26
87 206 117 259 1
17 283 62 70 62
88 294 94 281 15
6 120 25 281 47
56 201 93 128 55
68 156 80 187 61
65 118 3 241 26
39 334 102 153 42
12 94 27 183 52
43 115 92 58 21
87 171 117 252 96
12 76 97 274 65
22 77 5 8
10 75 10 63 69
1 20 3 19 8
18 52 5 51 10
11 14 0 69 89
6 37 16 5 47
474 184 14 9
51 69 156 94 79
315 49 463 12 75
248 150 392 14 91
98 32 76 180 11
153 63 85 6 78
382 39 376 103 22
369 107 3 51 24
278 29 453 135 96
247 173 62 97 76
362 48 41 113 98
243 136 396 30 14
456 31 67 161 31
9 155 348 111 67
192 11 338 105 43
375 461 10 9
112 214 85 269 40
26 408 229 106 4
211 30 358 331 4
284 235 243 182 59
139 413 181 92 23
235 126 346 32 70
270 172 330 150 35
374 26 186 213 84
340 271 258 438 57
63 152 18 456 1
473 178 7 7
221 45 36 82 17
138 51 81 116 9
23 161 201 55 78
40 84 99 48 80
348 39 155 52 99
32 4 249 111 33
256 170 284 149 91
477 473 15 10
454 107 367 63 89
378 406 32 132 27
372 416 186 397 44
232 447 419 112 43
419 253 438 373 29
182 253 428 323 26
391 458 32 96 50
74 108 71 288 49
356 28 460 470 53
71 181 169 453 1
15 468 119 93 13
466 179 227 458 73
446 57 151 167 33
409 131 18 387 41
424 433 228 188 68
143 299 15 3
75 25 8 119 61
12 293 124 250 14
46 152 10 79 24
60 229 56 179 44
134 151 69 180 8
37 127 133 21 3
29 298 40 263 96
61 19 74 218 43
112 264 107 91 95
89 111 106 289 53
37 157 72 213 63
83 201 48 202 94
78 295 24 57 93
106 2 137 252 100
101 21 70 160 80
375 81 5 14
252 14 36 1 97
346 31 208 43 2
45 0 76 60 11
15 59 9 44 83
157 53 273 47 82
462 242 7 16
433 11 149 2 34
256 79 249 10 34
199 235 24 231 56
320 36 214 124 25
72 114 186 112 29
293 156 362 150 58
282 197 184 9 78
257 171 13 22
17 133 95 136 34
248 68 61 22 58
71 43 49 69 44
85 138 135 63 78
101 89 36 141 94
159 10 32 152 41
244 41 130 118 3
33 70 101 2 58
132 92 33 120 23
20 145 75 104 57
78 131 189 164 61
9 55 97 161 6
135 25 36 74 1
307 247 8 2
28 193 174 53 51
20 133 83 223 33
269 199 193 13 77
3 116 175 108 47
45 95 297 96 60
29 135 169 164 4
216 235 253 190 24
93 39 120 33 1
118 455 7 14
24 328 114 110 40
12 128 49 54 65
108 228 97 167 57
55 323 84 0 51
90 299 39 213 31
81 216 45 20 100
44 281 56 69 75
208 37 6 8
106 22 62 33 83
102 29 75 37 8
129 9 154 25 16
204 22 79 36 40
79 29 72 19 95
193 17 123 35 31
552 23 1 4
440 9 436 19 84
477 6 6 2
109 2 153 6 41
353 4 221 3 77
242 6 367 4 79
382 1 133 4 22
170 1 33 4 31
339 3 205 1 59
572 20 1 6
402 6 451 20 76
626 56 6 27
505 53 312 33 70
386 28 2 40 23
446 46 364 26 86
166 5 289 44 45
180 54 420 35 29
443 6 402 51 13
127 435 11 5
126 378 20 407 49
43 238 103 213 67
37 249 50 373 38
116 398 16 223 44
31 40 13 192 98
89 122 84 222 43
122 201 12 43 5
96 91 19 338 59
0 378 115 244 40
16 289 79 120 92
115 352 38 68 91
638 355 11 3
306 68 435 98 4
498 252 56 310 61
273 352 353 274 43
610 312 502 16 30
154 311 93 4 100
514 242 249 133 5
581 121 412 130 94
325 259 583 116 80
79 181 539 41 27
519 293 86 51 19
152 11 156 208 32
358 366 5 1
48 347 262 217 30
73 266 89 284 24
190 65 6 12 76
186 86 20 121 12
260 208 173 296 48
531 26 18 8
407 0 145 14 16
166 17 212 4 82
397 8 329 26 51
64 3 102 17 70
243 23 129 19 91
32 2 354 20 61
59 2 453 25 71
20 17 133 15 52
232 24 123 6 95
203 24 310 21 30
250 12 249 1 67
59 25 27 26 34
293 11 441 11 53
366 17 343 19 100
232 13 343 3 46
456 4 394 20 86
179 19 424 16 45
254 6 470 21 95
201 333 12 12
190 271 193 5 13
26 188 185 91 97
142 127 150 15 57
142 85 159 94 20
168 317 76 247 43
25 216 115 202 1
62 285 56 271 21
15 223 145 301 26
62 17 146 38 6
64 261 40 273 39
16 13 173 148 36
136 257 27 155 45
122 141 8 7
12 117 106 95 18
89 128 66 24 72
45 99 27 21 51
88 12 111 9 23
104 83 38 32 34
0 38 108 43 80
96 64 81 0 37
70 24 80 120 53
109 139 20 3
22 3 34 138 18
16 61 37 42 91
85 30 25 59 87
104 124 43 102 69
49 52 58 115 37
86 67 30 82 99
101 50 28 138 19
24 38 57 76 80
54 20 69 84 39
101 137 78 93 2
22 106 107 75 45
53 46 87 131 79
16 71 34 105 63
32 55 43 116 16
41 25 51 46 62
105 128 21 24 65
93 94 2 96 86
68 56 108 102 77
9 18 93 120 15
24 10 58 2 63
40 293 5 5
18 69 24 14 40
25 183 30 96 20
37 180 16 96 26
1 36 40 148 8
23 278 38 108 52
0 0 0 0
